{
    "pred_cam": [
        2.086555004119873,
        0.036430299282073975,
        0.5339721441268921
    ],
    "pred_smpl_params": {
        "global_orient": [
            [
                [
                    0.9777875542640686,
                    0.1903352439403534,
                    -0.0877724438905716
                ],
                [
                    0.15175366401672363,
                    -0.9317300915718079,
                    -0.3299240171909332
                ],
                [
                    -0.14457640051841736,
                    0.3092758059501648,
                    -0.9399181604385376
                ]
            ]
        ],
        "body_pose": [
            [
                [
                    0.9582009315490723,
                    -0.2752339541912079,
                    -0.07808474451303482
                ],
                [
                    0.208875834941864,
                    0.48650410771369934,
                    0.8483423590660095
                ],
                [
                    -0.1955040544271469,
                    -0.8291924595832825,
                    0.5236583948135376
                ]
            ],
            [
                [
                    0.9533917307853699,
                    0.2547764778137207,
                    0.16165763139724731
                ],
                [
                    -0.26956677436828613,
                    0.47848233580589294,
                    0.8356963396072388
                ],
                [
                    0.13556544482707977,
                    -0.8403235077857971,
                    0.5248603820800781
                ]
            ],
            [
                [
                    0.9993429780006409,
                    0.003533625276759267,
                    -0.03607151284813881
                ],
                [
                    -0.02504609152674675,
                    0.7867037653923035,
                    -0.6168223023414612
                ],
                [
                    0.026197977364063263,
                    0.6173204779624939,
                    0.7862753868103027
                ]
            ],
            [
                [
                    0.9629988670349121,
                    0.18428149819374084,
                    -0.19665566086769104
                ],
                [
                    -0.03664976358413696,
                    -0.6333670616149902,
                    -0.7729830741882324
                ],
                [
                    -0.2670017182826996,
                    0.751589298248291,
                    -0.6031779050827026
                ]
            ],
            [
                [
                    0.9606777429580688,
                    -0.14056949317455292,
                    0.23945468664169312
                ],
                [
                    0.09806142002344131,
                    -0.6350537538528442,
                    -0.7662184834480286
                ],
                [
                    0.25977352261543274,
                    0.7595702409744263,
                    -0.596297562122345
                ]
            ],
            [
                [
                    0.9996979236602783,
                    -0.024311788380146027,
                    -0.003589020110666752
                ],
                [
                    0.024009468033909798,
                    0.9973675608634949,
                    -0.06842222809791565
                ],
                [
                    0.005243038758635521,
                    0.06831540167331696,
                    0.9976499676704407
                ]
            ],
            [
                [
                    0.9575268030166626,
                    -0.23026318848133087,
                    0.17355507612228394
                ],
                [
                    0.11830704659223557,
                    0.8626405000686646,
                    0.49178728461265564
                ],
                [
                    -0.2629561424255371,
                    -0.45036667585372925,
                    0.8532431721687317
                ]
            ],
            [
                [
                    0.9620610475540161,
                    0.18106670677661896,
                    -0.20409168303012848
                ],
                [
                    -0.07510242611169815,
                    0.8948947191238403,
                    0.43991267681121826
                ],
                [
                    0.26229408383369446,
                    -0.4078950881958008,
                    0.8745418787002563
                ]
            ],
            [
                [
                    0.9989668726921082,
                    -0.02297699823975563,
                    -0.03920720890164375
                ],
                [
                    0.021115943789482117,
                    0.9986604452133179,
                    -0.04723840579390526
                ],
                [
                    0.0402400866150856,
                    0.04636170715093613,
                    0.9981138706207275
                ]
            ],
            [
                [
                    0.9928585290908813,
                    0.012759595178067684,
                    0.11861377954483032
                ],
                [
                    -0.042717475444078445,
                    0.9663618803024292,
                    0.25361329317092896
                ],
                [
                    -0.11138785630464554,
                    -0.25686898827552795,
                    0.9600057005882263
                ]
            ],
            [
                [
                    0.9950002431869507,
                    0.05605892464518547,
                    -0.08265535533428192
                ],
                [
                    -0.029084140434861183,
                    0.9543809294700623,
                    0.29717183113098145
                ],
                [
                    0.09554383158683777,
                    -0.29328209161758423,
                    0.9512397050857544
                ]
            ],
            [
                [
                    0.9905561208724976,
                    -0.13640554249286652,
                    0.0138623071834445
                ],
                [
                    0.12995682656764984,
                    0.966305673122406,
                    0.2221812605857849
                ],
                [
                    -0.04370198771357536,
                    -0.21828149259090424,
                    0.9749068021774292
                ]
            ],
            [
                [
                    0.8048455715179443,
                    0.5108075737953186,
                    -0.3021577000617981
                ],
                [
                    -0.4930301308631897,
                    0.8588839769363403,
                    0.1387067288160324
                ],
                [
                    0.33037084341049194,
                    0.0373353585600853,
                    0.9431124925613403
                ]
            ],
            [
                [
                    0.8999210596084595,
                    -0.38416388630867004,
                    0.2063009887933731
                ],
                [
                    0.3774706721305847,
                    0.9231786727905273,
                    0.07250594347715378
                ],
                [
                    -0.21830680966377258,
                    0.012622935697436333,
                    0.9757985472679138
                ]
            ],
            [
                [
                    0.9857901930809021,
                    -0.03676260635256767,
                    0.16390934586524963
                ],
                [
                    0.028616832569241524,
                    0.9982481598854065,
                    0.05178486928343773
                ],
                [
                    -0.16552595794200897,
                    -0.04635844752192497,
                    0.9851152896881104
                ]
            ],
            [
                [
                    0.6841570138931274,
                    0.6679041981697083,
                    -0.2929728627204895
                ],
                [
                    -0.6827789545059204,
                    0.7277578711509705,
                    0.06466302275657654
                ],
                [
                    0.25640201568603516,
                    0.15579605102539062,
                    0.9539315700531006
                ]
            ],
            [
                [
                    0.7679182887077332,
                    -0.6171346306800842,
                    0.1715995967388153
                ],
                [
                    0.6311122179031372,
                    0.7747635245323181,
                    -0.037933409214019775
                ],
                [
                    -0.10953906923532486,
                    0.1374283730983734,
                    0.9844362735748291
                ]
            ],
            [
                [
                    0.73729407787323,
                    -0.23863403499126434,
                    -0.6320216059684753
                ],
                [
                    0.06549173593521118,
                    0.9563764929771423,
                    -0.2847011983394623
                ],
                [
                    0.6723899841308594,
                    0.16851630806922913,
                    0.7207592725753784
                ]
            ],
            [
                [
                    0.5696065425872803,
                    0.32859542965888977,
                    0.7533746957778931
                ],
                [
                    -0.1107560470700264,
                    0.9389325380325317,
                    -0.32578954100608826
                ],
                [
                    -0.8144209980964661,
                    0.10213104635477066,
                    0.5712160468101501
                ]
            ],
            [
                [
                    0.9923818707466125,
                    -0.08561298251152039,
                    0.08859314769506454
                ],
                [
                    0.11211998015642166,
                    0.9256380796432495,
                    -0.3614185154438019
                ],
                [
                    -0.051063068211078644,
                    0.36859822273254395,
                    0.9281854033470154
                ]
            ],
            [
                [
                    0.9940562844276428,
                    0.055208027362823486,
                    -0.09382960945367813
                ],
                [
                    -0.08361690491437912,
                    0.9391037225723267,
                    -0.3333049714565277
                ],
                [
                    0.06971465051174164,
                    0.3391697108745575,
                    0.9381383061408997
                ]
            ],
            [
                [
                    0.9833228588104248,
                    0.16019734740257263,
                    -0.08609798550605774
                ],
                [
                    -0.14381495118141174,
                    0.9747062921524048,
                    0.17107026278972626
                ],
                [
                    0.1113252341747284,
                    -0.1558351367712021,
                    0.9814897775650024
                ]
            ],
            [
                [
                    0.9823018312454224,
                    -0.15183360874652863,
                    0.10967971384525299
                ],
                [
                    0.12978872656822205,
                    0.9739609360694885,
                    0.18588963150978088
                ],
                [
                    -0.1350480616092682,
                    -0.1683645397424698,
                    0.9764298796653748
                ]
            ]
        ],
        "betas": [
            0.09460099041461945,
            -0.038017988204956055,
            -0.38778743147850037,
            -0.14424851536750793,
            0.05717438459396362,
            -0.07263555377721786,
            -0.0005873739719390869,
            -0.010165303945541382,
            0.015367254614830017,
            0.02036184072494507
        ]
    },
    "pred_cam_t": [
        0.036430299282073975,
        0.5339721441268921,
        18.721050262451172
    ],
    "focal_length": [
        5000.0,
        5000.0
    ],
    "pred_keypoints_3d": [
        [
            0.023180369287729263,
            -0.7861729860305786,
            -0.22843997180461884
        ],
        [
            0.050308484584093094,
            -0.6871469020843506,
            -0.058343321084976196
        ],
        [
            -0.13139572739601135,
            -0.6146482825279236,
            0.013760082423686981
        ],
        [
            -0.2515621781349182,
            -0.4033653736114502,
            0.09954012185335159
        ],
        [
            -0.33630505204200745,
            -0.22659985721111298,
            -0.06875725835561752
        ],
        [
            0.2069474309682846,
            -0.5490950345993042,
            -0.0780649334192276
        ],
        [
            0.2096676528453827,
            -0.28584641218185425,
            -0.05668117105960846
        ],
        [
            0.10775377601385117,
            -0.10818719863891602,
            -0.20419161021709442
        ],
        [
            -0.0018082312308251858,
            -0.221420019865036,
            0.028368782252073288
        ],
        [
            -0.08480260521173477,
            -0.14623677730560303,
            0.01425252016633749
        ],
        [
            -0.2802906632423401,
            -0.10152257978916168,
            -0.3168274760246277
        ],
        [
            -0.18183556199073792,
            0.13820308446884155,
            -0.006570994853973389
        ],
        [
            0.049381520599126816,
            -0.12381336092948914,
            -0.003626488149166107
        ],
        [
            0.12300723791122437,
            -0.03525521606206894,
            -0.3651999235153198
        ],
        [
            0.004366472363471985,
            0.16444343328475952,
            -0.034721970558166504
        ],
        [
            -0.009526263922452927,
            -0.823593258857727,
            -0.19163236021995544
        ],
        [
            0.057603612542152405,
            -0.8285603523254395,
            -0.1994297206401825
        ],
        [
            -0.03916734457015991,
            -0.8066325187683105,
            -0.09199582785367966
        ],
        [
            0.10762473940849304,
            -0.817162036895752,
            -0.11049073934555054
        ],
        [
            0.03816388547420502,
            0.28151583671569824,
            -0.18994931876659393
        ],
        [
            0.08985910564661026,
            0.2761196494102478,
            -0.12518410384655
        ],
        [
            0.001059211790561676,
            0.15952259302139282,
            0.03129896521568298
        ],
        [
            -0.27701228857040405,
            0.2395283579826355,
            -0.14765921235084534
        ],
        [
            -0.317177414894104,
            0.2127220630645752,
            -0.0749962329864502
        ],
        [
            -0.1584542989730835,
            0.15125751495361328,
            0.06011462211608887
        ],
        [
            -0.20147699117660522,
            0.08012601733207703,
            -0.015021751634776592
        ],
        [
            -0.2607291638851166,
            -0.11551535129547119,
            -0.2838052213191986
        ],
        [
            -0.14166730642318726,
            -0.2617267370223999,
            0.08984619379043579
        ],
        [
            0.15612860023975372,
            -0.1982460469007492,
            0.05509057641029358
        ],
        [
            0.13386568427085876,
            -0.04238645359873772,
            -0.34046313166618347
        ],
        [
            0.02660606987774372,
            0.12355723232030869,
            -0.04261491820216179
        ],
        [
            -0.3092542290687561,
            -0.24518974125385284,
            -0.07632109522819519
        ],
        [
            -0.2705002427101135,
            -0.4286738634109497,
            0.07513592392206192
        ],
        [
            -0.10114777088165283,
            -0.6447411179542542,
            0.002547845244407654
        ],
        [
            0.19339725375175476,
            -0.5918165445327759,
            -0.07301461696624756
        ],
        [
            0.22493287920951843,
            -0.3081776201725006,
            -0.09667539596557617
        ],
        [
            0.10934079438447952,
            -0.1255888044834137,
            -0.20997345447540283
        ],
        [
            0.051055628806352615,
            -0.6719729900360107,
            -0.05992954969406128
        ],
        [
            0.03251773864030838,
            -0.8648210167884827,
            -0.11696584522724152
        ],
        [
            0.007219874300062656,
            -0.23010724782943726,
            0.07214631140232086
        ],
        [
            0.04484352096915245,
            -0.6154573559761047,
            -0.036309026181697845
        ],
        [
            0.04160837456583977,
            -0.46547549962997437,
            0.051048070192337036
        ],
        [
            0.04003332182765007,
            -0.7583103179931641,
            -0.1506047546863556
        ],
        [
            0.028372392058372498,
            -0.8840693831443787,
            -0.10648470371961594
        ]
    ],
    "pred_vertices": [
        [
            0.06491051614284515,
            -0.8752850294113159,
            -0.1998077630996704
        ],
        [
            0.059859298169612885,
            -0.860590934753418,
            -0.20653143525123596
        ],
        [
            0.07177617400884628,
            -0.8580604791641235,
            -0.19877591729164124
        ],
        [
            0.07738572359085083,
            -0.8691483736038208,
            -0.1892896592617035
        ],
        [
            0.06807268410921097,
            -0.848499059677124,
            -0.20392918586730957
        ],
        [
            0.05725476145744324,
            -0.8494715690612793,
            -0.2090274691581726
        ],
        [
            0.0804283544421196,
            -0.8524044752120972,
            -0.1892556995153427
        ],
        [
            0.08612727373838425,
            -0.8596675395965576,
            -0.17918291687965393
        ],
        [
            0.09093477576971054,
            -0.8161725401878357,
            -0.17874932289123535
        ],
        [
            0.09621933102607727,
            -0.8108198642730713,
            -0.16948217153549194
        ],
        [
            0.09457473456859589,
            -0.8241217136383057,
            -0.17201271653175354
        ],
        [
            0.08828996121883392,
            -0.8253412842750549,
            -0.17957112193107605
        ],
        [
            0.09076724946498871,
            -0.7906543016433716,
            -0.17568397521972656
        ],
        [
            0.08399200439453125,
            -0.7811481356620789,
            -0.18376341462135315
        ],
        [
            0.08744873851537704,
            -0.772040843963623,
            -0.17432405054569244
        ],
        [
            0.09274128079414368,
            -0.7810772657394409,
            -0.1655307412147522
        ],
        [
            0.04886198043823242,
            -0.7936066389083862,
            -0.20407752692699432
        ],
        [
            0.054711539298295975,
            -0.7873203754425049,
            -0.203727126121521
        ],
        [
            0.058265987783670425,
            -0.7941673994064331,
            -0.20295435190200806
        ],
        [
            0.05169525370001793,
            -0.7996775507926941,
            -0.20305785536766052
        ],
        [
            0.03823090344667435,
            -0.8029067516326904,
            -0.20923542976379395
        ],
        [
            0.03934561461210251,
            -0.8084053993225098,
            -0.20577427744865417
        ],
        [
            0.03384043276309967,
            -0.8121775984764099,
            -0.2104533612728119
        ],
        [
            0.03346776217222214,
            -0.806015133857727,
            -0.21500766277313232
        ],
        [
            0.04385412111878395,
            -0.787950873374939,
            -0.20456700026988983
        ],
        [
            0.04994005337357521,
            -0.7814825177192688,
            -0.2034682184457779
        ],
        [
            0.04364553093910217,
            -0.7990939617156982,
            -0.2050587236881256
        ],
        [
            0.04153206944465637,
            -0.7944597005844116,
            -0.20749996602535248
        ],
        [
            0.03777548670768738,
            -0.7887157797813416,
            -0.21786844730377197
        ],
        [
            0.039146192371845245,
            -0.793449878692627,
            -0.216254323720932
        ],
        [
            0.03514721989631653,
            -0.7947618961334229,
            -0.2230893075466156
        ],
        [
            0.03412989526987076,
            -0.7890230417251587,
            -0.22240498661994934
        ],
        [
            0.04161055386066437,
            -0.7879087328910828,
            -0.20908761024475098
        ],
        [
            0.04166349768638611,
            -0.7909797430038452,
            -0.2116377055644989
        ],
        [
            0.03911938518285751,
            -0.7871935367584229,
            -0.21397440135478973
        ],
        [
            0.038215521723032,
            -0.7848461866378784,
            -0.21090483665466309
        ],
        [
            0.037599045783281326,
            -0.7990113496780396,
            -0.21234986186027527
        ],
        [
            0.033877789974212646,
            -0.8009003400802612,
            -0.2190558761358261
        ],
        [
            0.02904815785586834,
            -0.8023990392684937,
            -0.22587791085243225
        ],
        [
            0.030118541792035103,
            -0.7941593527793884,
            -0.22944095730781555
        ],
        [
            0.06657841056585312,
            -0.7740938663482666,
            -0.19806593656539917
        ],
        [
            0.061013560742139816,
            -0.7810875177383423,
            -0.2020232230424881
        ],
        [
            0.05620380863547325,
            -0.7755769491195679,
            -0.2024129033088684
        ],
        [
            0.061402738094329834,
            -0.7701869010925293,
            -0.1997317522764206
        ],
        [
            0.039985254406929016,
            -0.781378984451294,
            -0.20760011672973633
        ],
        [
            0.04441776126623154,
            -0.7653809785842896,
            -0.20826929807662964
        ],
        [
            0.04447753727436066,
            -0.769305408000946,
            -0.2084883153438568
        ],
        [
            0.03799586743116379,
            -0.7699919939041138,
            -0.21195188164710999
        ],
        [
            0.038569118827581406,
            -0.7663958072662354,
            -0.21156784892082214
        ],
        [
            0.07281017303466797,
            -0.759757399559021,
            -0.18957574665546417
        ],
        [
            0.0670555904507637,
            -0.7582895159721375,
            -0.1939454823732376
        ],
        [
            0.06803605705499649,
            -0.7512083649635315,
            -0.19122382998466492
        ],
        [
            0.07324529439210892,
            -0.7511986494064331,
            -0.18578682839870453
        ],
        [
            0.06608700752258301,
            -0.7450064420700073,
            -0.18996374309062958
        ],
        [
            0.07263877987861633,
            -0.7428724765777588,
            -0.18237163126468658
        ],
        [
            0.06424453854560852,
            -0.7277736663818359,
            -0.18109452724456787
        ],
        [
            0.06852123141288757,
            -0.7342607975006104,
            -0.18167375028133392
        ],
        [
            0.06247005984187126,
            -0.738913893699646,
            -0.19004684686660767
        ],
        [
            0.05728406831622124,
            -0.73335200548172,
            -0.19294670224189758
        ],
        [
            0.04438725858926773,
            -0.737654447555542,
            -0.2010630965232849
        ],
        [
            0.0383463129401207,
            -0.7361459136009216,
            -0.20366555452346802
        ],
        [
            0.043539296835660934,
            -0.7240535616874695,
            -0.2011512815952301
        ],
        [
            0.05028895288705826,
            -0.7277366518974304,
            -0.19765633344650269
        ],
        [
            0.04498206451535225,
            -0.7594121694564819,
            -0.2038464993238449
        ],
        [
            0.049125757068395615,
            -0.7596796751022339,
            -0.20117855072021484
        ],
        [
            0.049129512161016464,
            -0.7611767053604126,
            -0.20356693863868713
        ],
        [
            0.044677361845970154,
            -0.7621662616729736,
            -0.20658378303050995
        ],
        [
            0.05274524912238121,
            -0.7596030235290527,
            -0.19955670833587646
        ],
        [
            0.054435618221759796,
            -0.7594074606895447,
            -0.19882158935070038
        ],
        [
            0.05409516766667366,
            -0.7607060670852661,
            -0.20008715987205505
        ],
        [
            0.052690133452415466,
            -0.7606146335601807,
            -0.2001780867576599
        ],
        [
            0.0506884828209877,
            -0.7601423263549805,
            -0.20076334476470947
        ],
        [
            0.04979235678911209,
            -0.7581712007522583,
            -0.20103922486305237
        ],
        [
            0.051909662783145905,
            -0.7587903141975403,
            -0.20004282891750336
        ],
        [
            0.046036165207624435,
            -0.7571903467178345,
            -0.20361967384815216
        ],
        [
            0.03273296356201172,
            -0.7540347576141357,
            -0.21081538498401642
        ],
        [
            0.036745864897966385,
            -0.7548446655273438,
            -0.20947396755218506
        ],
        [
            0.03525761514902115,
            -0.7591153383255005,
            -0.20872485637664795
        ],
        [
            0.031724654138088226,
            -0.7588135600090027,
            -0.20991621911525726
        ],
        [
            0.05212517827749252,
            -0.7627001404762268,
            -0.20183195173740387
        ],
        [
            0.05469585210084915,
            -0.7642792463302612,
            -0.2014349102973938
        ],
        [
            0.050482090562582016,
            -0.766890823841095,
            -0.20477323234081268
        ],
        [
            0.04957025125622749,
            -0.7640194892883301,
            -0.2040722668170929
        ],
        [
            0.05732012912631035,
            -0.7664780020713806,
            -0.20142126083374023
        ],
        [
            0.05630567669868469,
            -0.7621047496795654,
            -0.19961145520210266
        ],
        [
            0.05909969285130501,
            -0.7628822326660156,
            -0.19899804890155792
        ],
        [
            0.05400704964995384,
            -0.7576520442962646,
            -0.19883635640144348
        ],
        [
            0.056766610592603683,
            -0.7561130523681641,
            -0.1973998248577118
        ],
        [
            0.05717865377664566,
            -0.7587662935256958,
            -0.19853053987026215
        ],
        [
            0.054885733872652054,
            -0.752669632434845,
            -0.19759559631347656
        ],
        [
            0.051491960883140564,
            -0.755584716796875,
            -0.19965796172618866
        ],
        [
            0.04783860221505165,
            -0.7535709142684937,
            -0.20212535560131073
        ],
        [
            0.043029628694057465,
            -0.7517430186271667,
            -0.2053128033876419
        ],
        [
            0.04595993831753731,
            -0.7468760013580322,
            -0.20232008397579193
        ],
        [
            0.051058270037174225,
            -0.7494664788246155,
            -0.19949251413345337
        ],
        [
            0.05233267322182655,
            -0.7708232998847961,
            -0.20410487055778503
        ],
        [
            0.06145399808883667,
            -0.7584413290023804,
            -0.19657880067825317
        ],
        [
            0.06457293778657913,
            -0.765282392501831,
            -0.19652697443962097
        ],
        [
            0.06157774478197098,
            -0.7536280155181885,
            -0.19528727233409882
        ],
        [
            0.05966034159064293,
            -0.7488936185836792,
            -0.19464774429798126
        ],
        [
            0.05602860078215599,
            -0.7443025708198547,
            -0.19581983983516693
        ],
        [
            0.05029212310910225,
            -0.7407315969467163,
            -0.19842757284641266
        ],
        [
            0.04672066494822502,
            -0.7155435085296631,
            -0.18885894119739532
        ],
        [
            0.05515580624341965,
            -0.7206488251686096,
            -0.1857222020626068
        ],
        [
            0.05580160394310951,
            -0.8419901132583618,
            -0.206282377243042
        ],
        [
            0.06462337076663971,
            -0.8418231010437012,
            -0.2041160762310028
        ],
        [
            0.06608226895332336,
            -0.8339020013809204,
            -0.19968309998512268
        ],
        [
            0.06789584457874298,
            -0.8366317749023438,
            -0.19952107965946198
        ],
        [
            0.06208329275250435,
            -0.8373230695724487,
            -0.20262175798416138
        ],
        [
            0.061839401721954346,
            -0.8345173597335815,
            -0.201829731464386
        ],
        [
            0.08118915557861328,
            -0.8276463747024536,
            -0.18466171622276306
        ],
        [
            0.07587222009897232,
            -0.8292715549468994,
            -0.18904073536396027
        ],
        [
            0.07631395757198334,
            -0.8252195715904236,
            -0.1872258186340332
        ],
        [
            0.08311495929956436,
            -0.8206841945648193,
            -0.1835789531469345
        ],
        [
            0.06885571777820587,
            -0.8169780969619751,
            -0.1941385269165039
        ],
        [
            0.07329893857240677,
            -0.8183955550193787,
            -0.1908578723669052
        ],
        [
            0.06908208131790161,
            -0.8252701759338379,
            -0.19380000233650208
        ],
        [
            0.0657467320561409,
            -0.8242497444152832,
            -0.1960701197385788
        ],
        [
            0.061978813260793686,
            -0.8235512971878052,
            -0.19790205359458923
        ],
        [
            0.05765152722597122,
            -0.823091983795166,
            -0.198716938495636
        ],
        [
            0.05824609845876694,
            -0.8179023265838623,
            -0.19824451208114624
        ],
        [
            0.06348501145839691,
            -0.8172231316566467,
            -0.19672992825508118
        ],
        [
            0.05554793030023575,
            -0.8384920358657837,
            -0.203518807888031
        ],
        [
            0.04839698225259781,
            -0.8369705677032471,
            -0.20269955694675446
        ],
        [
            0.050031308084726334,
            -0.8343509435653687,
            -0.2021658569574356
        ],
        [
            0.05604208633303642,
            -0.8352051973342896,
            -0.20313404500484467
        ],
        [
            0.04068836197257042,
            -0.827086865901947,
            -0.19655634462833405
        ],
        [
            0.04166135936975479,
            -0.8296219110488892,
            -0.1976199746131897
        ],
        [
            0.03797539323568344,
            -0.8308075666427612,
            -0.1987144500017166
        ],
        [
            0.03747973591089249,
            -0.8262944221496582,
            -0.19778333604335785
        ],
        [
            0.03987975791096687,
            -0.8234305381774902,
            -0.19787651300430298
        ],
        [
            0.04203426092863083,
            -0.8255206346511841,
            -0.19696170091629028
        ],
        [
            0.05462905019521713,
            -0.8965680599212646,
            -0.1977875828742981
        ],
        [
            0.050232239067554474,
            -0.8794372081756592,
            -0.20593202114105225
        ],
        [
            0.07046964019536972,
            -0.8905595541000366,
            -0.18556749820709229
        ],
        [
            0.08251495659351349,
            -0.8811063766479492,
            -0.17586185038089752
        ],
        [
            0.09173517674207687,
            -0.8675990104675293,
            -0.16728368401527405
        ],
        [
            0.08015681058168411,
            -0.764628529548645,
            -0.18281550705432892
        ],
        [
            0.08212916553020477,
            -0.7557157278060913,
            -0.17652544379234314
        ],
        [
            0.0906430035829544,
            -0.7636091709136963,
            -0.16493096947669983
        ],
        [
            0.08920233696699142,
            -0.7529786825180054,
            -0.15998195111751556
        ],
        [
            0.08102686703205109,
            -0.7448983192443848,
            -0.17240089178085327
        ],
        [
            0.06756806373596191,
            -0.7252735495567322,
            -0.16752591729164124
        ],
        [
            0.07597876340150833,
            -0.7338777780532837,
            -0.16942089796066284
        ],
        [
            0.08495696634054184,
            -0.7422717809677124,
            -0.1538805067539215
        ],
        [
            0.09284524619579315,
            -0.7559642791748047,
            -0.1399463266134262
        ],
        [
            0.0949724093079567,
            -0.7631529569625854,
            -0.14839252829551697
        ],
        [
            0.09776635468006134,
            -0.771735429763794,
            -0.12833327054977417
        ],
        [
            0.0889287143945694,
            -0.7478769421577454,
            -0.12787410616874695
        ],
        [
            0.09552546590566635,
            -0.771091103553772,
            -0.119911789894104
        ],
        [
            0.07459572702646255,
            -0.7088782787322998,
            -0.12588489055633545
        ],
        [
            0.07815064489841461,
            -0.6962230205535889,
            -0.12075374275445938
        ],
        [
            0.09217678010463715,
            -0.705176591873169,
            -0.11196649819612503
        ],
        [
            0.08874233812093735,
            -0.7171467542648315,
            -0.11654737591743469
        ],
        [
            0.09525711834430695,
            -0.7717750072479248,
            -0.15624821186065674
        ],
        [
            0.09519980102777481,
            -0.8355750441551208,
            -0.16459134221076965
        ],
        [
            0.09126193821430206,
            -0.8349431753158569,
            -0.17549705505371094
        ],
        [
            0.09842440485954285,
            -0.8224790096282959,
            -0.1611289232969284
        ],
        [
            0.09519235044717789,
            -0.8943465948104858,
            -0.14523598551750183
        ],
        [
            0.08921495079994202,
            -0.8900213241577148,
            -0.16194069385528564
        ],
        [
            0.09671369940042496,
            -0.8748721480369568,
            -0.15541720390319824
        ],
        [
            0.10215166211128235,
            -0.8815491199493408,
            -0.14035506546497345
        ],
        [
            0.06513318419456482,
            -0.9269376993179321,
            -0.15214474499225616
        ],
        [
            0.06158548593521118,
            -0.9150137901306152,
            -0.17623621225357056
        ],
        [
            0.07458198070526123,
            -0.9045252799987793,
            -0.16992154717445374
        ],
        [
            0.07960009574890137,
            -0.9135341644287109,
            -0.1503581702709198
        ],
        [
            0.10472433269023895,
            -0.8828679919242859,
            -0.1270972043275833
        ],
        [
            0.10640093684196472,
            -0.8844324350357056,
            -0.10817307233810425
        ],
        [
            0.10216488689184189,
            -0.8999683856964111,
            -0.10137756913900375
        ],
        [
            0.09799715876579285,
            -0.8995932936668396,
            -0.12408632785081863
        ],
        [
            0.08905555307865143,
            -0.9187484979629517,
            -0.09414537996053696
        ],
        [
            0.08589424192905426,
            -0.9196577072143555,
            -0.12140105664730072
        ],
        [
            0.09492725878953934,
            -0.7579008936882019,
            -0.10928043723106384
        ],
        [
            0.09616923332214355,
            -0.7766323685646057,
            -0.10720555484294891
        ],
        [
            0.0851021558046341,
            -0.7316182255744934,
            -0.123143769800663
        ],
        [
            0.09491634368896484,
            -0.7409912347793579,
            -0.10915747284889221
        ],
        [
            0.07184427231550217,
            -0.9322848916053772,
            -0.08871673047542572
        ],
        [
            0.06733979284763336,
            -0.9349244832992554,
            -0.11999460309743881
        ],
        [
            0.10021376609802246,
            -0.8630104064941406,
            -0.058018360286951065
        ],
        [
            0.10176260769367218,
            -0.8801987767219543,
            -0.06638696044683456
        ],
        [
            0.10741466283798218,
            -0.8677303194999695,
            -0.08240998536348343
        ],
        [
            0.10638993233442307,
            -0.8532270193099976,
            -0.07279936969280243
        ],
        [
